3959
3984
4009
4034
4059
4084
4109
4134
4159
4184
4209
4234
4259
4284
4309
4334
4359
4384
4409
4434
4459
4484
4509
4534
4559
4584
4609
4634
4659
4684
4709
4734
4759
4784
4809
4834
4859
4884
4909
4934
4959
4984
5009
5034
5059
5084
5109
5134
5159
5184
5209
5234
5259
5284
5309
5334
5359
5384
5409
5434
5459
5484
5509
5534
5559
5584
5609
5634
5659
5684
5709
5734
5759
5784
5809
5834
5859
5884
5909
5934
5959
5984
6009
6034
6059
6084
6109
6134
6159
6184
6209
6234
6259
6284
6309
6334
6359
6384
6409
6434
